R11 = 0.993; R12 =  0.06; R13 = 0.109;
R21 = -0.027; R22 = 0.982; R23 = 0.190;
R31 = -0.106; R32 = -0.192; R33 = 0.975;
x2 = 55.24; y2 = -3.98; z2 = 11.56;
f1 = 8.952; f2 = 5.722;
xi = 2; yi = 1;
x2i = 2; y2i = 1;

z0 = f1*f2/(f1*x2i - f2*xi)*((x2 + x2i - xi) + z2*x2i/f2); 